[DATA]
# Should track loop?, Segment length
1 25.0

[WIDTHS]
# Road W, Rumble W
200.0 20.0

[COLOURS]
# Road R, G, B, Rumble R, G, B, Grass R, G, B
200 200 200 253 249 0 0 158 47
80 80 80 230 41 55 0 228 48

[SEGMENTS]
# X, Y, Curve, Point 1 Widths ID, Point 2 Widths ID, Colours ID
0.0 0.0 0.0 0 0 0
0.0 0.0 0.0 0 0 0
0.0 0.0 0.0 0 0 0
0.0 0.0 0.0 0 0 1
0.0 0.0 0.0 0 0 1
0.0 0.0 0.0 0 0 1
0.0 0.0 0.0 0 0 0
0.0 0.0 0.0 0 0 0
0.0 0.0 0.0 0 0 0
0.0 0.0 0.0 0 0 1
0.0 0.0 0.0 0 0 1
0.0 0.0 0.0 0 0 1
0.0 0.0 4.0 0 0 0
0.0 0.0 4.0 0 0 0
0.0 0.0 4.0 0 0 0
0.0 0.0 4.0 0 0 1
0.0 0.0 4.0 0 0 1
0.0 0.0 4.0 0 0 1
0.0 0.0 4.0 0 0 0
0.0 0.0 4.0 0 0 0
0.0 0.0 4.0 0 0 0
0.0 0.0 4.0 0 0 1
0.0 0.0 4.0 0 0 1
0.0 0.0 4.0 0 0 1
0.0 0.0 4.0 0 0 0
0.0 0.0 4.0 0 0 0
0.0 0.0 4.0 0 0 0
0.0 0.0 0.0 0 0 1
0.0 0.0 0.0 0 0 1
0.0 0.0 0.0 0 0 1
0.0 0.0 0.0 0 0 0
0.0 0.0 0.0 0 0 0
0.0 0.0 0.0 0 0 0
0.0 0.0 0.0 0 0 1
0.0 0.0 0.0 0 0 1
0.0 0.0 0.0 0 0 1
0.0 0.0 0.0 0 0 0
0.0 0.0 0.0 0 0 0
0.0 0.0 0.0 0 0 0
0.0 0.0 0.0 0 0 1
0.0 0.0 0.0 0 0 1
0.0 0.0 0.0 0 0 1
0.0 0.0 0.0 0 0 0
0.0 0.0 0.0 0 0 0
0.0 0.0 0.0 0 0 0
0.0 0.0 0.0 0 0 1
0.0 0.0 0.0 0 0 1
0.0 0.0 0.0 0 0 1
0.0 3.0 0.0 0 0 0
0.0 3.0 0.0 0 0 0
0.0 3.0 0.0 0 0 0
0.0 6.0 0.0 0 0 1
0.0 6.0 0.0 0 0 1
0.0 6.0 0.0 0 0 1
0.0 3.0 0.0 0 0 0
0.0 3.0 0.0 0 0 0
0.0 3.0 0.0 0 0 0
0.0 0.0 0.0 0 0 1
0.0 0.0 0.0 0 0 1
0.0 0.0 0.0 0 0 1
0.0 -3.0 0.0 0 0 0
0.0 -3.0 0.0 0 0 0
0.0 -3.0 0.0 0 0 0
0.0 -6.0 0.0 0 0 1
0.0 -6.0 0.0 0 0 1
0.0 -6.0 0.0 0 0 1
0.0 -3.0 0.0 0 0 0
0.0 -3.0 0.0 0 0 0
0.0 -3.0 0.0 0 0 0
0.0 0.0 0.0 0 0 1
0.0 0.0 0.0 0 0 1
0.0 0.0 0.0 0 0 1